8.625911, 77.034644
8.625820, 77.034726
8.625820, 77.034726
8.625705, 77.034882
8.625705, 77.034882
8.625816, 77.035019
8.625816, 77.035019
8.626096, 77.035251
8.626096, 77.035251
8.626435, 77.035211
8.626435, 77.035211
8.626811, 77.035155
8.626811, 77.035155
8.627122, 77.035146
8.627122, 77.035146
8.627372, 77.035183
8.627372, 77.035183
8.627750, 77.035211
8.627750, 77.035211
8.628022, 77.035155
8.628022, 77.035155
8.628242, 77.035055
8.628242, 77.035055
8.628449, 77.034915
8.628449, 77.034915
8.628633, 77.034754
8.628633, 77.034754
8.628775, 77.034581
8.628775, 77.034581
8.628899, 77.034411
8.628899, 77.034411
8.629005, 77.034205
8.629005, 77.034205
8.629081, 77.033979
8.629081, 77.033979
8.628831, 77.033880
8.628831, 77.033880
8.628628, 77.033812
8.628628, 77.033812
8.628416, 77.033747
8.628416, 77.033747
8.628216, 77.033696
8.628216, 77.033696
8.628052, 77.033617
8.628052, 77.033617
8.628063, 77.033523
8.628063, 77.033523
8.627974, 77.033360
8.627974, 77.033360
8.627763, 77.033236
8.627763, 77.033236
8.627526, 77.033196
8.627526, 77.033196
8.627373, 77.033055
8.627373, 77.033055
8.627320, 77.032952
8.627320, 77.032952
8.627150, 77.032884
8.627150, 77.032884
8.627003, 77.033088
8.627003, 77.033088
8.626852, 77.033297
8.626852, 77.033297
8.626726, 77.033473
8.626726, 77.033473
8.626485, 77.033578
8.626485, 77.033578
8.626305, 77.033782
8.626305, 77.033782
8.626266, 77.034019
8.626266, 77.034019
8.626026, 77.034078
8.626026, 77.034078
8.625769, 77.034101
8.625769, 77.034101
8.625632, 77.034114
8.625632, 77.034114
8.625707, 77.034309
8.625707, 77.034309
8.625846, 77.034501
8.625846, 77.034501
8.625911, 77.034644
8.625632, 77.034114
8.625643, 77.033828
8.625643, 77.033828
8.625696, 77.033620
8.625696, 77.033620
8.625762, 77.033435
8.625762, 77.033435
8.625704, 77.033301
8.625704, 77.033301
8.625551, 77.033169
8.625551, 77.033169
8.625325, 77.033088
8.625325, 77.033088
8.625142, 77.032992
8.625142, 77.032992
8.624987, 77.032816
8.624987, 77.032816
8.624879, 77.032647
8.624879, 77.032647
8.624791, 77.032506
8.624791, 77.032506
8.624912, 77.032481
8.624912, 77.032481
8.625104, 77.032341
8.625104, 77.032341
8.625325, 77.032208
8.625325, 77.032208
8.625567, 77.032113
8.625567, 77.032113
8.625823, 77.032077
8.625823, 77.032077
8.626096, 77.032080
8.626096, 77.032080
8.626335, 77.032133
8.626335, 77.032133
8.626574, 77.032214
8.626574, 77.032214
8.626794, 77.032329
8.626794, 77.032329
8.627019, 77.032531
8.627019, 77.032531
8.627047, 77.032757
8.627047, 77.032757
8.627150, 77.032884
